Year	Month	Precip	PET-Thornwaite	PET_Hargreaves
1982	1	22.1947292	9.06835732349206	58.1594135000693
1982	2	38.5567294	8.95711521854652	62.1016287166844
1982	3	30.2951049988	41.4162344975858	108.568860365329
1982	4	57.4955775	62.2434225829314	134.144621985745
1982	5	140.57203215	104.852555063352	160.742304835715
1982	6	157.8267130209	148.592704385123	177.958568857235
1982	7	16.48013455	184.365006837533	192.321539641535
1982	8	29.8308191	181.08252629621	186.60034238917
1982	9	9.22249434	122.685379946278	145.911756336322
1982	10	22.793657056	64.0626793690931	103.088863774729
1982	11	55.81137859	23.9493804157932	61.7332784218381
1982	12	33.656395043	9.10780785977035	47.3007965968664
1983	1	57.8976893	6.19242873154101	50.5173038455643
1983	2	30.49772821	12.283770978498	64.2394596684458
1983	3	63.584375824	32.5938824753848	103.247536735314
1983	4	26.8130428	34.1783720664442	117.849405791257
1983	5	74.092057259	103.503168229108	175.691912439236
1983	6	111.2355508	137.934609837669	178.63465823974
1983	7	28.86711138	178.747882540396	193.198724851914
1983	8	25.295687	175.3942871186	187.279430730665
1983	9	7.621618228	123.446492408694	145.061725321464
1983	10	49.22786545	75.8544243669586	102.049384430825
1983	11	31.5820526	31.7833742428582	68.3911764498953
1983	12	3.1742563	0.970718660197411	39.7380367291928
1984	1	29.94285999	55.167210032036	86.1225525210962
1984	2	20.20058514	15.2817358639195	74.9250697066789
1984	3	38.47331279	36.1125444454606	111.941271362082
1984	4	16.787139	66.4757003007993	154.393739638441
1984	5	32.2941115	126.25976156918	186.487184287621
1984	6	41.0665505	164.828302308536	181.496916937816
1984	7	45.58143373	173.785148689677	194.929216061739
1984	8	46.73267033	167.961935743317	179.198917222901
1984	9	53.716379	100.034258115466	133.757794401105
1984	10	137.748222	60.0117017245209	87.6805362559285
1984	11	30.8831557	22.1086243053172	60.3991504468437
1984	12	122.8011477	16.6652902353733	50.728183540188
1985	1	19.37373161	58.639644901843	75.0874683875755
1985	2	20.11706118	56.2053168231847	84.8842189846993
1985	3	62.00583948	40.6884869878325	102.00082434902
1985	4	41.97087184	75.3194614365845	146.39709159976
1985	5	62.0140376	122.819136279948	179.573474678622
1985	6	74.998723	143.02910173612	177.354064597164
1985	7	39.9082452	83.9570354871374	159.622620450341
1985	8	25.4874046	79.3561359694722	143.601359931507
1985	9	72.6085148	112.946879684666	133.487299756482
1985	10	94.6898654	67.2120931958558	92.7198917446699
1985	11	26.08326579	31.9785404713824	67.4546029851859
1985	12	0	6.38409246410267	51.5589050872242
1986	1	1.215862	61.4842420848723	71.4596904829236
1986	2	38.17018604	19.7871923084332	72.8410359175001
1986	3	14.817892	76.7332667867401	121.455322419102
1986	4	18.343586092	87.1053746438403	151.754240192256
1986	5	133.4462405	116.29933320437	171.301460988448
1986	6	157.329552123	147.586557363951	167.7583407041
1986	7	20.6582889	183.278189195838	199.703436947304
1986	8	60.30624148	159.24366853109	169.883194761109
1986	9	124.643947	91.9781163395964	135.013637005187
1986	10	154.044752	57.5552570356264	90.0329660458948
1986	11	61.2961081071	33.2182724249523	67.7816792509453
1986	12	77.15131729	9.09994646527037	43.616817308165
1987	1	21.564094343	7.84453861910268	54.1955198393411
1987	2	80.012759606	15.3633396359689	62.6613974787575
1987	3	45.938574448	21.8953407432195	99.381145708173
1987	4	30.76685	54.1553829583051	145.924310313708
1987	5	197.367714115	106.095939150475	163.331522089269
1987	6	101.3372989	135.051366902989	167.728956046846
1987	7	18.3384011	163.877647560229	184.452972773762
1987	8	88.0552990086	168.822123220766	181.910695868733
1987	9	85.05208948	102.564920562085	139.217272786055
1987	10	7.4397941	66.5489035570688	109.844550420545
1987	11	24.2379485905	23.1678406178089	68.5756032710396
1987	12	29.80403294	9.41049387436851	52.7891307585071
1988	1	2.8905374	4.3370529451645	49.7598412237349
1988	2	10.29698212	10.9325641233259	68.1932622121329
1988	3	16.8869899	34.8688311240521	120.968376068401
1988	4	32.8060633	64.8966255589902	156.400583751033
1988	5	66.678550316	106.0024064594	176.107712827034
1988	6	89.545555916	151.34507613761	188.772742394536
1988	7	89.241411	167.126282157687	184.529381053941
1988	8	26.973041979	167.501763146456	185.194732118666
1988	9	60.21633207884	112.424833207397	144.248343256185
1988	10	10.956679	66.3363405014283	109.733325181736
1988	11	0.2228746	32.8319655706775	78.513243717901
1988	12	24.4926406	11.866977907183	54.9922965307547
1989	1	29.94122748	15.0638357042585	61.3016588128502
1989	2	95.930338803	6.37821489457362	54.8823369695382
1989	3	33.64268859976	38.5202328363721	119.728920228115
1989	4	30.424224072	76.5647730261472	150.815124372252
1989	5	122.7399948	136.624413545687	187.12223658767
1989	6	85.48828815	142.703227955715	184.099664374241
1989	7	22.225372972	182.952525772598	204.742090757122
1989	8	40.8144444	164.035012412598	176.872867131949
1989	9	54.25498	98.8835909014855	143.968059649277
1989	10	33.1807138	69.1383724043716	113.723812078088
1989	11	10.7161	28.9487639916871	72.6149956770053
1989	12	5.794751916	2.37751129961297	46.1363770004358
1990	1	31.33555582	15.88641778061	63.4315824168712
1990	2	80.038978445	20.6498301058486	76.1949108685167
1990	3	61.0339509999	36.1340867549964	100.777446714276
1990	4	135.367168544	65.0361984699819	132.073180527145
1990	5	82.506040111	114.468301252457	174.303791504014
1990	6	21.786817	194.104665722692	204.207078550245
1990	7	149.022710275	158.385737660595	175.137964725636
1990	8	45.092295395	157.789113546087	178.025645484983
1990	9	123.9755496	115.842489087914	134.060270012444
1990	10	55.5401113	59.6652320188379	108.760370483686
1990	11	61.930355546	31.953607767563	69.5292922359853
1990	12	3.796134547	7.74548143127845	52.5655464588648
1991	1	80.2028892542	6.21151264411602	48.1077600857877
1991	2	10.86719429	20.3007013566304	74.2679278399991
1991	3	10.7295307842	43.3770653347365	117.665551318115
1991	4	35.68109899	77.5809821580606	154.17158595056
1991	5	88.9775134025	134.521382376678	182.677693976333
1991	6	150.7713293351	153.861296952239	183.160295002542
1991	7	41.8183727	172.191894426864	192.545242714061
1991	8	64.99842646	155.664207370422	173.630202785171
1991	9	177.6874554019	94.2908090013122	123.573034921229
1991	10	76.9448608	66.8296999264506	108.984539258776
1991	11	5.35081717	16.4762878094592	60.3782305066321
1991	12	203.103658395	12.9925386892631	47.6863337678961
1992	1	64.739379232	7.94991691508864	49.3230411425381
1992	2	146.283100159	20.0051962503104	70.6663513477944
1992	3	45.4343662268	40.6887762014093	112.899857939708
1992	4	57.446880348	65.0240697786644	137.591061915869
1992	5	80.99914902	97.1344898634758	157.879013934626
1992	6	148.1230341304	148.939509147433	184.742877312643
1992	7	66.8092645398	90.5484222514681	171.052457125274
1992	8	21.81591049	143.417582112628	172.116317923876
1992	9	50.44874	118.840983047042	147.706487759526
1992	10	21.468064149	73.6940958565188	118.238033205141
1992	11	58.240334668	19.142660218201	63.0509413789286
1992	12	37.3558012	13.5205915660025	52.3493357469448
1993	1	42.027526412	7.39205230287234	50.2455273130166
1993	2	47.995096472	12.6223133945734	64.1938471346439
1993	3	43.714588513	33.1793458385661	109.494419133189
1993	4	74.45311745	64.4111787758727	147.404785593636
1993	5	49.62043599	105.880412919057	179.32803258947
1993	6	66.84184688	158.301093444297	180.182742262954
1993	7	3.55128049	195.161014564707	198.359025735992
1993	8	48.747510471	178.06708268145	188.075529670773
1993	9	58.74291	108.214570725522	143.501435880096
1993	10	98.294593	56.4733932882143	103.719117625146
1993	11	4.5939296885	17.5143903638409	63.7844158661861
1993	12	23.71768729	14.0318891612838	55.5936189025697
1994	1	45.03468212	9.36262287468814	54.8071495589082
1994	2	27.89141951	14.1199706775413	71.081881315609
1994	3	4.144810359	42.1903996095194	117.383959233059
1994	4	35.8705516	69.6464050376892	152.659400211468
1994	5	212.33401914	110.689749775316	165.460418843384
1994	6	13.9846603605	182.376545149954	205.030532060243
1994	7	30.428052542	191.938323540522	206.753294983603
1994	8	13.32736232	173.189243963003	185.601779884223
1994	9	71.1993145	106.871807087945	142.810593164156
1994	10	91.420694459	68.400698978331	102.388977962662
1994	11	75.740298	31.0372982408333	67.6459649823385
1994	12	61.614720531	15.5474036598028	54.1356889175192
1995	1	16.29394121	12.4878374262356	57.5133546990419
1995	2	42.7609683	19.3634932057928	73.6145236685323
1995	3	57.7859097	31.9386715716491	101.268719275262
1995	4	79.39184608	67.4273787950989	150.148535181827
1995	5	129.720030874	114.185718415698	173.821408529278
1995	6	83.9371497	143.781612486555	182.747097590254
1995	7	52.199664923	190.338285249724	208.443371834842
1995	8	49.79885555	170.871862990057	180.330053111543
1995	9	97.6812182	112.203076796549	136.120434663342
1995	10	15.422612	66.0881480097033	115.288407154882
1995	11	44.2574129	27.3819034522	71.3401678555463
1995	12	2.78528247	12.8087916927708	54.8418832738123
1996	1	6.14559363	8.35319921128417	61.5794340648104
1996	2	3.68072667	20.0884832691498	79.3229451465204
1996	3	15.72974713	26.4327649537562	110.912082948679
1996	4	64.336238	66.5050119054314	156.143812960739
1996	5	96.6353469	158.923147354979	198.312926042468
1996	6	49.53459799	172.119899178005	196.421675011698
1996	7	69.784352399	194.335447707674	199.109717695755
1996	8	129.313363992	160.559065615308	167.91581292263
1996	9	102.117755727	102.927413594026	130.831633520975
1996	10	47.0459904	63.1338008101781	107.241510692859
1996	11	76.0906869	25.6754167627579	66.8146317710607
1996	12	0.42882	14.0550771786771	59.904275307891
1997	1	15.8203742	6.88750656429624	52.4348296178757
1997	2	131.81450495	11.1241957128703	58.7269792052097
1997	3	69.12608076	40.2012201353486	111.457101767621
1997	4	87.23032708	46.4898045273972	125.018464060426
1997	5	73.1644809	99.3744507328608	164.692485962153
1997	6	206.8632363	140.212841050664	176.151419146812
1997	7	3.1014487862	182.865139692255	198.079672193821
1997	8	41.16681698	170.523174531374	184.491924377751
1997	9	8.389471691	130.942702834189	150.892550639163
1997	10	50.31308823	66.9712105370738	106.437503367595
1997	11	23.03292583	19.3988588106933	64.4160179649179
1997	12	50.8717693	6.75536280616911	49.3176197852144
1998	1	28.1113899	15.701793348336	63.0235523387459
1998	2	51.53929459	15.6163547040581	67.4633537082813
1998	3	75.903443587	29.931447467363	104.669221474401
1998	4	2.630328644	62.0628508032851	152.59039742374
1998	5	70.3698839	152.582432484576	210.681430742853
1998	6	46.489751271	188.883361417051	207.205092285994
1998	7	49.1267218	214.20802955222	211.587706559757
1998	8	61.08396434	164.892201884646	172.401135329623
1998	9	37.2037045	135.447618952954	148.37119854836
1998	10	47.396402	75.4929402656726	99.5940627384214
1998	11	60.323067742	33.086711609546	65.1817824426777
1998	12	23.64129596	10.2359658763322	51.7249205255114
1999	1	26.7127087	15.0043251595423	65.0089652242524
1999	2	0.71754248	27.7688124987387	85.5635149988557
1999	3	67.25847399	36.0535426362555	104.057786983549
1999	4	69.944661627	74.572873047516	147.927589462392
1999	5	83.376621955	118.936594265396	172.0761337142
1999	6	79.125657443	152.762972571137	168.848205760141
1999	7	46.7253547	179.098308066419	189.724575650298
1999	8	14.79599476	191.106124919533	198.401314614594
1999	9	10.75131689298	117.407285598824	146.163207527248
1999	10	31.548392	64.5635740766186	112.029166349444
1999	11	0	36.6476319982479	78.5467787681345
1999	12	9.20135823	12.5168604565599	56.9666548680762
2000	1	11.4750571	15.8255180161275	63.0828926915996
2000	2	18.23174941	30.1191517069333	83.7249871296923
2000	3	15.4678924856	50.779310438735	121.065848684586
2000	4	34.727050617	81.2103634893394	152.134473535661
2000	5	77.93367657	152.297023354263	193.031937767873
2000	6	208.56507588	151.298809411714	163.487991168714
2000	7	7.06767823	201.555327533432	206.949525875049
2000	8	0.0211869	190.659786734542	195.730763660379
2000	9	38.1451532	128.924459276506	159.454316474209
2000	10	136.9473391219	67.9381890880081	87.599164681785
2000	11	158.237525947	14.8083220184493	52.7434841988027
2000	12	15.21673421	4.27528023380582	42.4758979230853
2001	1	43.373496458	6.22723057048859	48.2593840262389
2001	2	46.626847119	16.0791373664906	66.3349193044743
2001	3	43.993164561	24.1988946329001	90.2588815302356
2001	4	35.75668453	78.0310173783379	141.862149951364
2001	5	75.0428464548	126.937425420862	180.083141778497
2001	6	3.609062827	175.677400072469	198.577329563944
2001	7	6.20819717	210.36769052094	209.300810650348
2001	8	77.430369	175.450558162825	180.168730086027
2001	9	117.1844960283	109.413660811131	137.574845767478
2001	10	22.238369	63.6483998785651	107.633038617995
2001	11	88.18544265	33.7348338134106	64.685875381328
2001	12	14.72761418	12.5142831385213	52.7843424883541
2002	1	17.996865794	12.8980056348543	60.1930622115728
2002	2	31.580093	10.3348973524607	66.8509365303816
2002	3	60.19382421	31.3872179231096	108.657165505477
2002	4	24.4605477	86.4817799344971	145.379984272366
2002	5	78.895312374	124.873814854755	181.951991328196
2002	6	28.7181831	163.942472171702	184.799915646789
2002	7	161.968461	167.035518230987	176.949773275401
2002	8	7.028589538	180.016413845422	183.439172195921
2002	9	49.88984681555	114.781853823691	143.91867481555
2002	10	159.44332605	54.8929496271222	82.9616135367991
2002	11	17.099792	19.0589776678756	61.299620153688
2002	12	39.729504611	10.511319557479	51.1331206073994
2003	1	12.3216971	8.9890009858826	55.8601532207597
2003	2	48.383547646	11.4325822730312	62.6944897573346
2003	3	19.9921793	38.3403947534365	112.916898495359
2003	4	30.1588256936	79.1407862794039	157.132283787645
2003	5	55.26073778	135.855948528967	190.168384787898
2003	6	137.3823315	146.618192854896	179.728020162148
2003	7	11.27767011	180.017584968751	195.59021067062
2003	8	43.28293766	176.170500356551	185.506513148073
2003	9	103.6413222	105.952217420097	130.133024728868
2003	10	100.53399934	69.7438232027295	104.021201700696
2003	11	14.03462559	31.1737089703982	65.2151243608632
2003	12	0	14.2243194703013	59.7785236714624
2004	1	32.94651868	14.0295027430337	55.7165806850837
2004	2	67.40437676	10.4085456065477	60.4850230214349
2004	3	43.87182567445	50.1242774236294	107.719882473814
2004	4	112.124856431	63.1053963334637	130.497806531744
2004	5	39.9349109	121.705234002874	175.5047933387
2004	6	125.7344326	151.261141256822	178.269859065242
2004	7	62.26693578	170.647898593036	187.416866776354
2004	8	121.5299736	148.873074376539	166.724505995174
2004	9	26.079223115	108.813247723859	134.155081734196
2004	10	107.9450572	74.2893569170787	98.0378477343347
2004	11	168.116378962	23.460136298206	58.7582386964773
2004	12	9.589383	10.7592749702603	54.495496272779
2005	1	26.5498298	15.6481491575752	57.2737889605364
2005	2	93.99682379	16.5449939964382	61.9632720815609
2005	3	53.8830070357	32.5439940038821	107.655502306129
2005	4	2.50027042	65.0389219016735	148.640983127225
2005	5	124.7976282644	110.396216107937	166.702884973753
2005	6	21.976438314	162.224492858615	188.107085091837
2005	7	49.7287939	181.663774220862	199.256797505962
2005	8	178.396265	157.938478797389	173.577252097009
2005	9	11.04580926	136.205900538189	156.687305200863
2005	10	54.133475182	64.2101706207748	102.587124382901
2005	11	0.00269948	32.293680826928	79.2346670102644
2005	12	0.264209	10.166845316907	57.1146492355704
2006	1	19.510006800232	20.5984741617876	71.8890947511574
2006	2	16.49860275	15.0207982456325	74.360232698344
2006	3	61.995204	47.9977159661023	114.001925616751
2006	4	46.5390643	94.3286292235264	160.994412231885
2006	5	69.0818333	135.701377053953	194.276212640446
2006	6	32.0612669	169.433023584452	203.628935240442
2006	7	7.5096674	193.91739771553	203.724858621388
2006	8	57.30082404	185.388401534366	184.686624594194
2006	9	46.7362559	104.069604227741	134.837463805005
2006	10	63.307756223	66.9451848524203	103.261059759948
2006	11	9.07854563	31.5427100559054	74.9753590319862
2006	12	11.9326455	11.5991183675269	54.2314719869336
2007	1	52.147549145195	3.84098194267294	43.7352673012989
2007	2	11.348343913	14.1346427147929	70.2221260344925
2007	3	142.3642821	49.5480297374923	112.54063896413
2007	4	64.390402435308	55.2161618321157	132.350679216078
2007	5	159.82989495868	102.338076206135	149.715464651378
2007	6	196.4921756342	143.232628242939	167.466745505446
2007	7	81.514912391169	152.831469519475	170.852751324249
2007	8	61.12860182733	164.299764905794	171.523786250351
2007	9	54.90842056	121.814390987479	136.704825409484
2007	10	19.462001792176	76.0818781811734	117.118131917595
2007	11	30.2145679	30.8162551404067	70.7145214496044
2007	12	8.6260965	11.4998238024779	57.7801219988793
2008	1	10.1912125	7.85250217330792	57.1327306653872
2008	2	4.21712807	21.2117890879671	84.0023570839283
2008	3	104.25533345093	40.3803308942996	120.170002489115
2008	4	60.1102123244	69.9710338963706	154.502267245219
2008	5	32.06805791	128.200058080534	191.179463350984
2008	6	41.83668235916	183.748307767635	201.089932733325
2008	7	16.600160888497	178.667087946283	198.112297556587
2008	8	92.332299492	158.894223618835	174.090232463265
2008	9	52.85794	99.67243609156	139.152085533024
2008	10	43.13099942	62.3999325296329	111.008157980054
2008	11	2.07248046	27.5065877843171	74.6544741802355
2008	12	0.024656625	12.0581013868236	58.8749142412956
2009	1	6.27009172	11.254136998066	66.0897184374127
2009	2	8.91167	25.4415039936916	84.5146424988808
2009	3	57.09405552	46.1990613438088	119.658415933097
2009	4	84.3915693	70.6531427119966	150.950147889152
2009	5	61.42473209	119.605673676898	180.241652592655
2009	6	55.4473691756	178.398312629208	199.271945582528
2009	7	103.129419897	191.574687260516	201.630847727731
2009	8	22.0916807	180.448790968189	193.464662610295
2009	9	136.4474092	103.999312926461	133.210874039833
2009	10	93.365632562	55.6460875652988	98.0812586934179
2009	11	1.030757754	29.4536986258035	75.8925256147053
2009	12	36.3951378	5.27092525934374	47.2223808587375
2010	1	79.661283736	6.77893232408173	54.0430247330092
2010	2	59.39213457	6.65147626472958	55.6095907718328
2010	3	38.767153872	31.0855079252055	112.220156231904
2010	4	63.0798298	66.7412231613582	137.471312020923
2010	5	59.543812228	119.327341453019	178.271772184557
2010	6	54.974649211	180.955859224028	195.253759747113
2010	7	90.3296944366	174.32953854026	176.154222783949
2010	8	25.7586606	192.341405890368	196.65602486064
2010	9	88.696909	126.393045806378	144.754293647236
2010	10	19.1476499675	69.8217921894475	119.328603072004
2010	11	0.0706547	28.4210985350435	76.3516587810525
2010	12	26.9107964	13.9094272271259	60.6864152319623
2011	1	0	7.64688009378205	59.7672296277239
2011	2	12.5778266416259	13.1073185991488	73.6790766722369
2011	3	2.106785107	54.3584627227948	132.105113113097
2011	4	42.432529122	101.543716724779	177.654149594376
2011	5	33.9583814135	130.158415281811	197.715249990231
2011	6	19.814723	208.393716641779	221.853126595981
2011	7	0.02020386	223.484878172358	215.899083240563
2011	8	21.191172	217.191886876666	206.301633504578
2011	9	15.41009066	124.90457764837	161.542096829291
2011	10	87.383869982	69.4372007457552	111.788618625573
2011	11	5.35239831027	29.8791085070509	72.1891334037886
2011	12	34.9406822108	8.51471226217018	44.9268596847756
2012	1	66.108809918	15.0712326923773	64.6373085483563
2012	2	49.4466960506	17.6682455575759	68.375400457674
2012	3	49.1524697005	53.4167491386753	120.889490157146
2012	4	17.913287085	96.9158071413336	164.422831179928
2012	5	87.910078085	135.24094340572	182.293440337618
2012	6	36.22873479	183.818353991824	205.274294149603
2012	7	34.1308175043	196.548180890266	206.383808432569
2012	8	19.17726955	188.541112051612	196.100704007031
2012	9	129.300524756	122.002821936777	144.275693175356
2012	10	6.8926193189	64.2222624381346	103.989324448964
2012	11	1.58094353	37.7061303968396	78.7053049049446
2012	12	0	16.2695078322293	61.1045228355511
2013	1	42.19357394	11.4512502790175	57.0717341450962
2013	2	2.691508415	17.4488921071542	75.45773840517
2013	3	3.30292440614	41.769573347502	122.522850331228
2013	4	46.492457709	66.7343978142471	151.558945642363
2013	5	85.3781351395	119.103099292546	184.796067791783
2013	6	64.54152442	174.674165843248	193.888145809738
2013	7	114.357209944	176.333139821241	189.910626333589
2013	8	15.580994976	181.585793081523	191.831908619404
2013	9	103.308831199	126.163934945996	145.705052825954
2013	10	21.5261405236	67.0325107914599	104.814831229405
2013	11	21.967675803	20.1460421863909	62.4435601254551
2013	12	23.71987847	6.70335605680821	50.4183915496979
2014	1	1.0700266366667	8.23331529175342	61.3485594574466
2014	2	0.94050068	12.2381338382118	70.5202153880176
2014	3	3.14503514182726	33.8177316348303	117.08484644807
2014	4	11.69249550525	76.5020892408167	152.49193419609
2014	5	120.12277748455	119.36353276611	189.061884256017
2014	6	69.993575919859	163.511514730489	179.795182740065
2014	7	52.774340100755	180.245966959452	193.464427010869
2014	8	18.78063833	179.288483530533	189.874363866287
2014	9	35.988741984269	120.39100037513	132.802739084407
2014	10	5.1096207769245	82.1041002430626	117.492859377035
2014	11	59.837784304317	19.8818005325276	64.4346091802359
2014	12	2.613117314929	16.6772549624119	50.2311877079351
2015	1	46.6482936306329	6.63659840131908	50.431858606559
2015	2	4.8214737956589	11.1508590208354	65.587586749869
2015	3	27.1647732026527	34.5142797201729	106.063939588039
2015	4	62.40202783804	75.347561136811	142.53935046672
2015	5	154.405440947942	108.384175988273	160.585404948329
2015	6	87.8876612979762	154.04930194121	178.370561662299
2015	7	33.3404466096143	189.881178063917	196.077238332121
2015	8	15.9913827498921	184.947360347359	197.461728633342
2015	9	14.911257166302	138.281496960041	154.583704205881
2015	10	67.52325278084	78.9836194826501	111.847586033324
2015	11	79.8073552698969	29.0656425963579	66.4021577597938
2015	12	48.2158977126807	16.0614519885835	60.4942194506242
2016	1	1.906077893917	9.9070944370932	58.6436088712291
2016	2	17.6983894607	22.1574905458958	82.9582633211144
2016	3	79.18845073731	47.765166793551	118.932811374949
2016	4	136.42622946219	69.8929736336406	144.185685795735
2016	5	213.018924507443	109.301341501677	169.234473949396
2016	6	78.0194505249	158.770970738633	183.883366868823
2016	7	5.28513254029	209.592740319465	210.53117519332
2016	8	100.9655615949	170.247224997427	174.121126713495
2016	9	120.8888279484	122.986864277618	137.963000276979
2016	10	5.97773726744	86.673833029913	116.019280560352
2016	11	60.8861458	39.8110276971424	69.7258770777082
2016	12	30.887343579978	13.2462009627476	52.2588779834794
